== Ejercicio 2 ==

== Sin Errores ==

107 102  48   0 105  56   0   0  20  14   7   0  17   9   0   0  80  72  34   0 
 17   9   0   0  80  72  34   0  75  40   0   0  70  69  33   0  72  38   0   0 
 70  69  33   0  72  38   0   0  34  26  13   0  29  15   0   0  92  89  42   0 
 29  15   0   0  92  89  42   0  92  49   0   0  88  87  41   0  90  48   0   0 
 88  87  41   0  90  48   0   0  75  69  33   0  72  38   0   0  42  36  17   0 
 72  38   0   0  42  36  17   0  39  21   0   0 124 119  56   0 122  65   0   0 
124 119  56   0 122  65   0   0  97  91  43   0  94  50   0   0  21  16   8   0 
 94  50   0   0  21  16   8   0  19  10   0   0  39  32  15   0  35  19   0   0 
 39  32  15   0  35  19   0   0 126 119  56   0 122  65   0   0  19  11   6   0 
122  65   0   0  19  11   6   0  14   7   0   0  40  37  18   0  40  21   0   0 
 40  37  18   0  40  21   0   0  37  29  14   0  32  17   0   0  66  62  29   0 
 32  17   0   0  66  62  29   0  65  35   0   0  66  59  28   0  62  33   0   0 

== Random ==

 85  84  48   0 115  66   0   0  74  73  57   0  41 240   0   0  58  58   0   0 
 41 240   0   0  58  58   0   0  11  10   0   0 124 123  37   0  84  46   0   0 
124 123  37   0  84  46   0   0 119 118  54   0  28 230   0   0  46  45  46   0 
 28 230   0   0  46  45  46   0  51   4   0   0  41  40  47   0  50   2   0   0 
 41  40  47   0  50   2   0   0  49  48  40   0  50   9   0   0  93  92   2   0 
 50   9   0   0  93  92   2   0  23  20   0   0  94  93  46   0  58  11   0   0 
 94  93  46   0  58  11   0   0  85  84  19   0  67  47   0   0  14  13   7   0 
 67  47   0   0  14  13   7   0 116 108   0   0  61  60  49   0  22 229   0   0 
 61  60  49   0  22 229   0   0  62  61  22   0  65  42   0   0 103 102  28   0 
 65  42   0   0 103 102  28   0   1 229   0   0 121 120  49   0 107  57   0   0 
121 120  49   0 107  57   0   0  56  55  42   0  42   0   0   0  59  58   5   0 
 42   0   0   0  59  58   5   0  50  44   0   0  84  83  57   0  24 223   0   0 

== Con Errores==

108 100  59   0 100  40   0   0  20  12  59   0  12 209   0   0  78  70  59   0 
 12 209   0   0  78  70  59   0  70  10   0   0  75  67  59   0  67   7   0   0 
 75  67  59   0  67   7   0   0  32  24  59   0  24 221   0   0  95  87  59   0 
 24 221   0   0  95  87  59   0  87  27   0   0  93  87  40   0  86  45   0   0 
 93  87  40   0  86  45   0   0  74  69  32   0  68  35   0   0  39  36  16   0 
 68  35   0   0  39  36  16   0  35  18   0   0 125 117  59   0 117  57   0   0 
125 117  59   0 117  57   0   0  97  91  42   0  90  47   0   0  17  16   7   0 
 90  47   0   0  17  16   7   0  15   7   0   0  34  32  14   0  31  16   0   0 
 34  32  14   0  31  16   0   0 127 119  55   0 118  62   0   0  12  11   5   0 
118  62   0   0  12  11   5   0  10   4   0   0  43  35  59   0  35 232   0   0 
 43  35  59   0  35 232   0   0  31  29  13   0  28  14   0   0  66  62  28   0 
 28  14   0   0  66  62  28   0  61  32   0   0  63  59  27   0  58  30   0   0 
